start_room:
	11.0 75.0 10.0  -->  21.0 80.0 13.0
	19.0 70.0 10.0  -->  22.0 79.0 18.0
	15.0 69.0 17.0  -->  26.0 76.0 31.0

basement:
	-37.00 67.0 9.0  -->  7.0 77.0 68.0
	-14.00 76.00 59.00  -->  -6.0 80.0 65.0
	EXCEPT -34.00 76.00 51.0  -->  -23.00 80.0 68.0
	-21.0 72.0 10.0  -->  -13.0 80.0 18.00
	-30.0 76.0 51.0  -->  -23.0 80.0 62.0

ruins:
	32.0 68.0 30.0  -->  75.0 107.0 85.0
	41.0 63.0 72.0  -->  50.0 68.0 86.0
	27.0 80.0 71.0  -->  32.0 88.0 80.0
	27.5 80.0 46.0  -->  32.0 84.0 51.0
	28.0 87.0 47.0  -->  32.0 95.0 50.0

ruins/deep_dark:
	34.0 64.0 43.0  -->  65.00 76.00 85.00
	43.0 76.0 51.0  -->  58.0 78.0 65.0

floor_1:
	REFERENCE floor_1/theater
	REFERENCE floor_1/gift_shop
	REFERENCE floor_1/aquatic
	REFERENCE floor_1/foyer
	REFERENCE floor_1/skeletons
	REFERENCE floor_1/cafe
	REFERENCE floor_1/lower_bathroom

floor_1/theater:
	19.0 73.0 65.0  -->  27.0 84.0 72.0
	23.0 75.0 72.0  -->  29.0 80.0 84.0
	5.0 69.0 63.0  -->  23.0 80.0 87.0

floor_1/gift_shop:
	-26.0 80.0 14.0  -->  -14.5 90.0 38.0

floor_1/aquatic:
	-26.0 80.0 61.5  -->  19.0 91.0 90.0
	EXCEPT -27.0 80.0 62.0  -->  -23.0 83.0 64.0

floor_1/foyer:
	-14.5 80.0 9.0  -->  15.5 94.0 43.5
	-14.5 80.0 13.0  --> -20.0 84.0 10.0
	15.5 80.0 13.0  -->  20.0 85.0 10.0

	-8.0 94.0 9.0  -->  9.0 101.0 36.0
	-9.0 101.0 9.0  -->  10.0 102.0 36.0
	-9.0 102.0 10.0 --> 10.0 107.0 29.0
	-8.0 107.0 11.0  -->  9.0 113.0 28.0
	EXCEPT 7.0 108.0 27.0  -->  10.0 111.0 28.0
	EXCEPT 11.0 101.0 9.0  -->  15.0 101.0 12.0

floor_1/skeletons:
	-26.0 80.0 43.5  -->  27.5 91.5 61.5
	24.0 85.0 42.0  -->  26.0 87.0 44.0

floor_1/cafe:
	15.5 80.0 14.0  -->  28.0 88.0 43.0
	EXCEPT 24.0 85.0 42.0  -->  26.0 87.0 44.0

floor_1/lower_bathroom:
	21.0 80.0 8.0  -->  28.0 86.0 14.0

floor_2:
	REFERENCE floor_2/balcony
	REFERENCE floor_2/upper_bathroom
	REFERENCE floor_2/humans
	REFERENCE floor_2/left_hall
	REFERENCE floor_2/terrarium
	REFERENCE floor_2/mezzanine
	REFERENCE floor_2/aviary
	REFERENCE floor_2/bat_cave
	REFERENCE floor_2/observatory
	REFERENCE floor_2/eggshibit
	REFERENCE floor_2/lady_bugs
	REFERENCE floor_2/a_c_vents

floor_2/balcony:
	-14.0 94.0 9.0  -->  -8.0 101.0 36.0
	-14.0 94.0 36.0  -->  15.0 102.0 42.5
	9.0 94.0 9.0  -->  15.0 102.0 36.0
	15.0 94.0 13.0  -->  20.0 100.0 23.5
	EXCEPT 17.0 94.0 13.0  -->  20.0 98.0 15.0
	-19.0 94.0 13.0  -->  -14.0 100.0 23.5
	EXCEPT -19.0 94.0 13.0  -->  -17.0 98.0 15.0

floor_2/upper_bathroom:
	-27.0 94.0 9.0  --> -20.0 98.0 24.0
	-20.0 94.0 10.0  -->  -17.0 98.0 15.0

floor_2/humans:
	17.0 92.0 10.0  -->  21.0 98.0 15.0
	21.0 92.0 9.0  -->  27.0 102.0 23.5

floor_2/left_hall:
	15.5 94.0 23.5  -->  27.0 102.0 60.5
	EXCEPT 26.0 101.0 48.0  -->  28.0 104.0 55.0
	18.0 94.0 61.0  -->  27.0 102.0 67.0

floor_2/terrarium:
	19.5 93.0 66.5  -->  27.0 101.0 90.0
	27.0 96.0 75.0  -->  28.0 98.0 76.0

floor_2/mezzanine:
	-14.5 94.0 42.5  -->  15.5 102.0 61.0
	-23.0 94.0 60.5  -->  18.0 102.0 66.5

floor_2/aviary:
	-19.0 94.0 66.5  -->  19.5 109.0 90.0
	EXCEPT 17.5 101.0 86.0  -->  18.0 105.0 89.0
	EXCEPT 18.0 100.5 84.0  -->  20.0 107.0 90.0
	EXCEPT 19.0 101.0 81.0  -->  20.0 109.0 90.0
	EXCEPT 18.0 103.0 78.0  -->  19.0 107.0 84.0
	EXCEPT -19.0 94.0 84.0  -->  -17.0 98.0 86.0

floor_2/bat_cave:
	17.5 101.0 86.0  -->  18.0 105.0 89.0
	18.0 100.5 84.0  -->  20.0 107.0 90.0
	19.0 101.0 81.0  -->  20.0 109.0 90.0
	18.0 103.0 78.0  -->  19.0 107.0 84.0
	21.0 101.5 68.0  -->  27.0 109.0 91.0

floor_2/observatory:
	-26.0 101.0 67.0  -->  -19.0 109.0 90.0

floor_2/eggshibit:
	-26.0 94.0 23.5  -->  -14.5 101.0 60.5
	EXCEPT -24.0 94.0 23.0  -->  -22.0 96.0 24.0
	EXCEPT -25.0 94.0 60.0  -->  -24.0 96.0 61.0

floor_2/lady_bugs:
	-17.0 94.0 86.0  -->  -18.0 98.0 84.0
	-18.0 94.0 90.0  -->  -26.0 99.0 73.0
	-22.0 95.0 73.0  -->  -26.0 100.0 66.0
	-24.0 96.0 66.0  -->  -27.0 106.0 63.0
	-27.0 100.0 63.0  -->  -23.0 105.0 60.0
	-23.0 102.5 62.0  -->  -9.0 105.0 54.0
	-10.0 102.5 54.0  -->  -8.0 107.0 53.0
	-9.0 102.5 53.0  -->  -8.0 106.0 51.0

floor_2/a_c_vents:
	-9.00 104.00 57.00  -->  9.0 111.0 66.5

floor_3:
	REFERENCE floor_3/timeline
	REFERENCE floor_3/the_lab
	REFERENCE floor_3/top_floor_vents

floor_3/timeline:
	-14.0 100.0 23.0  -->  -19.0 107.0 14.0
	-15.0 100.0 14.0  -->  -26.0 110.0 9.0
	-20.0 104.0 14.0  -->  -26.0 110.0 51.0
	-18.0 110.0 16.0  -->  -20.0 106.5 17.0
	-20.0 104.0 24.0  -->  -15.0 110.0 37.0
	-20.0 103.0 38.0  -->  27.0 110.0 51.0
	EXCEPT -1.0 109.0 49.0  -->  2.0 112.0 51.0
	27.0 111.0 31.0  -->  -14.0 104.0 38.0
	15.0 103.0 31.0  -->  27.0 110.0 9.0
	20.0 101.0 16.0  -->  22.0 103.0 9.0
	20.0 103.0 23.0  -->  15.0 100.0 13.0
	16.0 100.0 13.0  -->  20.0 103.0 9.0
	EXCEPT 16.0 101.0 9.0  -->  17.0 103.0 10.0


floor_3/timeline/precambrian:
	-21.3 100 8.7  -->  -14.7 110 37.3
	-26.3 100 8.7  -->  -20.7 110 34.3
	AND REFERENCE floor_3/timeline

floor_3/timeline/paleozoic:
	-14.3 103 30.7  -->  11.3 110 44.3
	-26.3 103 36.7  -->  0.3 110 51.3
	-26.3 104 32.7  -->  -20.7 110 37.3
	AND REFERENCE floor_3/timeline

floor_3/timeline/mesozoic:
	22.7 104 33.7  -->  27.3 110 37.3
	15.7 104 36.7  -->  27.3 110 44.3
	0.7 104 43.7  -->  27.3 110 51.3
	AND REFERENCE floor_3/timeline

floor_3/timeline/cenozoic:
	15.7 100 8.7  -->  27.3 110 34.3
	15.7 104 33.7  -->  23.3 110 36.3
	AND REFERENCE floor_3/timeline


floor_3/the_lab:
	-26.00 106.0 51.0  -->  -11.00 110.00 65.00

floor_3/top_floor_vents:
	-18.0 108.0 16.0  -->  -11.0 110.0 22.0
	-13.0 108.0 22.0  -->  -10.0 110.0 31.0
	-10.0 108.0 30.0  -->  13.0 110.0 28.0
	13.0 110.0 28.0  -->  15.0 107.0 31.0
	7.0 110.0 28.0  -->  10.0 108.0 27.0
	13.0 110.0 28.0  --> 11.0 108.0 13.0
	11.0 108.0 18.0  -->  13.0 104.0 9.0
	11.0 104.0 14.0  -->  13.0 101.0 9.0
	13.0 101.0 10.0  -->  17.0 103.0 9.0

other/south_west_stairwell:
	-30.00 94.0 60.0  -->  -24.0 97.0 63.00
	-34.0 88.0 53.0  -->  -28.0 97.0 60.0
	-34.0 88.0 55.0  -->  -31.00 81.00 72.00
	-31.0 85.00 64.00  -->  -23.0 80.0 62.0
	-30.0 84.0 62.0  -->  -26.0 76.0 56.0
	-26.0 80.0 58.0  -->  -23.0 76.0 51.0
	-28.00 97.00 63.00  -->  -25.0 100.0 61.0

other/lava_shortcut_vents:
	18.0 104.0 66.5  -->  14.0 108.0 51.0

other/thief_vents:
	-8.00 109.00 51.0  -->  23.0 117.0 57.0
	15.0 108.0 55.0  -->  19.0 112.0 60.0
	-1.0 109.0 49.0  -->  1.5 112.0 51.0
	-11.0 107.0 51.0  -->  -8.0 112.0 56.0
	18.0 109.0 55.0  -->  28.0 102.0 53.0
	26.0 105.0 53.0  -->  30.0 96.0 48.0
